COST FUNCTION: 139.95558993096273 
   1:  59  22 182  44 114
   2: 127 152 196  58 145
   3: 185  14 142 119 103
   4:  39 166 194  20 174
   5:  55 188 156  92  76
   6:  29  13 159 133  96
   7:  95 175 192  17  73
   8:  79 113 121 176 117
   9:  34  19  98   5  10
  10:  50 147  31  88 153
  11: 169 172  62  64  53
  12: 109 158 122  82  23
  13:  91  41  47 171  25
  14: 191  61  83   4  93
  15:   9  46  68  77 102
  16:  32  99 115  40  72
  17: 198 126 100 179 167
  18: 180 199  74 106 123
  19: 190  75  24 150   2
  20:  49  51 135 116  97
  21: 195  16  18 155  35
  22: 105 140 193 134 139
  23:  78  27 187 183  86
  24: 161  85 165 162  33
  25:  42  69  56  11 143
  26:  57  65  63 136 164
  27: 130 178 110 129 154
  28:  43  28  52  45  37
  29:  87  26 160  15  84
  30:  94 170  70 146 138
  31:  90 151   1  89  66
  32:  48 108 125 168   7
  33: 141 163 137  67 128
  34: 148  38 104 107 112
  35:  81 186 131  71   6
  36: 111 124 118  36  54
  37: 181  21 189 173  80
  38: 144  30 184  12   8
  39: 132 200 120 157 149
  40: 177 101 197  60   3
